tablica {
943,49788.31,83849.87
871,184644.49,956905.54
429,358574.87,930136.94
50,579996.58,71335.84
977,185717.53,239289.19
462,606147.25,390323.63
442,209848.13,212911.07
605,306795.3,691254.37
445,24606.94,62592.6
156,742612.67,934374.36
543,674662.21,815246.43
730,407864.22,512545.58
393,704696.9,373790.75
838,881531.05,473511.2
382,744420.42,182744.52
774,36669.52,543967.55
139,555265.7,340688.79
316,607707.72,123056.14
366,572552.25,312456.96
558,31314.94,310484.08
443,516070.15,830943.98
892,450957.98,735181.33
470,336033.22,57384.6
372,331380.03,805119.11
401,242214.81,134293.16
240,511432.22,307991.6
941,652391.8,551030.15
476,545928.12,768800.29
216,93214.19,147327.29
365,704380.8,578871.1
453,404182.85,352101.33
734,895356.1,467945.34
321,219190.78,110744.59
458,700252.8,299289.98
481,294987.51,151242.15
253,408134.2,784424.3
971,136783.13,257437.5
352,379976.43,965561.4
815,182619.49,276425.58
453,114937.33,639776.52
313,643636.95,698257.45
918,921495.53,46328.34
674,196569.94,927457.2
418,366489.23,643064.57
911,439440.26,259784.92
176,225831.77,147814.98
694,80340.16,787839.65
270,284552.39,380657.4
146,123366.98,514515.2
123,431276.82,979736.67
451,679494.33,462590.75
574,59480.54,86344.8
156,945967.73,488307.26
344,695896.26,36221.17
253,41812.63,333577.82
470,573129.93,953968.17
796,685243.39,512326.92
919,589476.21,910108.07
332,331840.37,903569.54
982,559532.12,827989.61
194,18764.13,637461.19
704,661919.03,989248.29
550,455035.66,852093.59
540,295742.07,581783.85
540,388960.94,242099.04
581,747816.65,345415.77
786,989394.89,7885.42
66,816649.32,108563.65
651,779178.9,900392.16
697,125373.1,364388.48
67,407185.42,354101.93
789,535199.1,424722.39
971,146076,362613.89
342,298511.69,387134.46
578,283391.15,348288.06
583,852744.47,626366.53
359,860754.98,971282.83
546,914174.65,704171.11
92,48739.33,994704.95
98,10927.18,188963.36
343,982885.14,499696.31
666,737931.84,585679.01
903,446545.25,758846.46
236,800660.82,376825.13
366,259179.5,458169.35
694,446495.64,464422.29
828,486327.41,432572.13
266,140171,628734.91
885,849303.3,822951.83
144,38621.47,889537.4
248,184353.65,574850.43
316,148913.08,529554.95
486,762625.12,453031.81
392,554398.93,660344.3
574,781156.67,979669.17
514,461957.3,270105.68
640,601763.37,243391.39
595,981614.15,505589.21
649,88851.86,533895.83
115,364180.95,948514
}
poligon p1 {39{
3980
1072
3206
2463
986
2070
3819
1466
3204
2270
188
2917
485
3544
2212
194
32
2841
3170
1433
621
847
2347
4661
4853
392
3933
523
715
2739
690
1551
4801
2561
3386
771
2773
3255
2981
}}
poligon p2 {26{
2393
501
2113
1660
3946
1349
2625
2195
4045
1352
1190
2199
3885
2962
304
3833
1463
2139
2985
1701
4809
4508
3017
3004
4830
3573
}}
poligon p3 {221{
3257
1799
193
617
2424
3341
284
3092
4566
2195
4970
1856
3898
1743
123
2721
4600
701
993
384
1264
4699
1370
2471
2582
2763
998
3428
2223
4072
800
4916
745
1542
3241
4618
2386
1634
4281
1765
1081
2932
2159
2731
3205
2261
706
1300
510
502
3400
4267
4529
4942
1157
838
4561
1190
4044
4646
2413
1083
3007
311
3736
3211
1473
1284
3377
4403
4485
680
3632
3152
3115
4468
1960
2075
3770
3090
3264
4397
2695
1752
4014
1957
754
306
2731
2285
4263
4799
2716
2289
2075
4816
1143
3632
4015
1582
1664
191
1980
4141
3653
1515
3734
1489
2017
4927
3928
2825
588
1739
1398
1428
3038
3761
616
1467
496
737
1083
1093
1692
1560
496
4775
1784
2130
1050
3623
2265
750
2231
1917
912
1429
3240
1032
1883
4681
3130
3317
4023
661
1226
754
1049
2690
1283
1639
4368
98
2674
3355
1749
2475
3916
436
3644
4783
112
4281
677
1159
4741
1499
3167
4636
2459
4920
3442
3746
4784
4518
1397
2308
1846
2740
4249
1778
1414
1151
2226
3722
1979
4013
3224
1147
2352
4555
1212
3351
313
2559
840
2871
4815
2189
297
3684
674
4490
1436
1066
1157
764
2405
4519
1095
998
4252
329
1586
870
3506
2090
3295
3900
2305
}}
poligon p4 {126{
1054
4378
2987
2771
2479
4281
1617
4599
1707
1693
992
2519
2230
684
2844
2569
1914
4630
3241
3073
11
2476
1475
3937
425
4717
441
3607
1459
3145
4963
869
1567
3283
1455
3152
3770
3052
665
2863
2456
3396
2038
3324
1681
2096
2898
3499
500
1747
163
3305
1376
3780
1030
1477
4095
3426
1378
3937
2425
1580
468
3273
4974
2446
672
1000
3735
3508
433
4369
3026
279
1397
1691
4571
4372
2436
924
1464
602
1913
2834
1924
993
234
50
662
1709
2832
2089
1196
4631
1132
1137
2430
843
2709
4323
416
603
3329
2869
3525
2025
1558
4996
947
3152
3465
2400
559
4028
3290
1770
4349
2572
2812
3935
1684
279
2760
2195
3366
4639
1568
}}
poligon p5 {109{
3868
2987
720
2106
174
2702
30
50
4448
3488
2159
1908
3780
76
4457
4745
1220
737
1122
3858
544
2203
3944
71
4113
1121
468
1518
3780
242
4897
4667
2394
11
2277
2102
1120
853
3769
1848
4045
1187
198
550
4424
2029
2557
154
2419
1400
1618
2738
568
3582
1639
912
4988
3454
2236
887
416
2598
4971
1842
3498
4435
4009
4899
928
3226
1593
265
1922
1319
4407
4967
4231
1501
224
1532
2519
2085
4255
4348
3824
1535
579
2382
3464
4512
2988
1535
3451
3740
3689
2543
622
4206
449
352
255
4149
418
4341
2717
1025
2705
4798
83
1862
}}
poligon p6 {147{
2507
539
1491
234
4238
4133
550
50
4222
1962
3947
1997
1434
4378
1966
282
2807
2543
525
4854
319
4485
649
642
873
236
3109
1960
4146
3906
3396
3022
4888
4002
1003
3221
773
2583
4289
2911
4504
4568
1203
1882
4729
2220
4429
3224
1884
3241
879
3023
4283
731
2503
3316
2742
3647
3450
4379
3144
2529
3571
4110
964
4950
218
2206
1961
1256
3192
2311
2111
1728
1736
48
1705
79
3865
2756
3477
3987
4982
3429
4636
899
1337
2630
2649
4453
2600
3916
112
2860
2021
469
4517
1421
4087
1691
3475
2621
535
3994
4968
2614
3070
988
809
1368
1072
1219
2634
3432
2808
2780
3427
4907
1740
3613
4402
2818
1123
2073
4115
212
2779
1629
3147
823
1738
180
2699
4400
1750
3445
1601
3052
4416
445
2266
2408
3848
283
2885
408
1696
3539
}}
poligon p7 {166{
3760
4080
3920
4238
210
3762
2590
2832
3313
623
3115
3436
4807
1168
3507
767
2821
4664
4234
1485
2224
3224
693
2315
588
3895
2288
3225
2818
611
1883
3971
1859
548
2385
1032
500
2770
531
2713
2372
1561
36
2859
584
3951
3032
229
3512
4516
4369
2631
4919
4231
83
4347
2976
1208
2463
3027
4373
4472
1803
172
1170
500
4466
308
3936
4037
3479
193
1224
4269
4343
2807
2175
3725
2544
4099
3411
1656
857
2737
4841
1965
3318
4834
1755
4847
4057
4872
2242
2334
2884
3541
2060
4501
3166
4519
2989
1511
421
4735
3785
3712
438
2094
2956
2626
3446
1387
2863
3318
764
4214
1438
121
6
2924
347
3523
180
1178
1371
1363
3733
3283
3770
2509
2326
164
236
2964
3834
2196
368
1294
4831
2797
4590
1764
1221
4617
3165
4820
4087
3679
2454
2889
1466
2406
3024
3345
697
4358
2873
4154
3018
2554
1221
2763
2257
3191
590
2280
}}
poligon p8 {215{
3230
4611
594
2011
1027
1884
1225
2541
3511
3343
4265
4856
3823
4251
199
689
1794
854
3022
4521
3109
2118
1852
4749
1588
4055
2088
988
179
4043
4801
2847
2775
414
1098
4705
4336
4113
4006
916
1368
2610
553
3182
2124
4352
3706
4348
2074
784
1778
1299
2706
4132
3331
4818
3666
2681
2998
1206
926
1026
389
1286
3757
363
4561
3160
3364
4204
1604
3161
3463
3574
2703
232
1470
558
4097
3661
4839
3865
2286
2885
3175
3132
2665
1441
3094
4095
911
263
140
4394
2201
124
2972
114
1342
488
3556
309
2508
537
4358
4480
1531
4175
4688
2427
3478
3504
1546
284
4090
4100
4157
3053
2726
1851
4457
472
3421
3502
3597
3804
3284
1435
3688
4044
719
25
866
1605
4196
4196
3345
3816
2059
2863
559
1143
4945
4639
4378
5000
4362
4296
2446
4927
1975
2429
585
4762
3989
2153
4113
793
1971
3045
3524
2249
4199
555
4032
2675
2701
4890
4100
1149
1963
4716
4195
2671
1490
3836
472
2783
2798
1044
3731
259
3863
4272
3805
4707
2177
4978
2397
1167
2242
1869
1065
1258
3417
4590
3817
2646
4529
3478
1149
1325
4011
1642
2598
3464
1265
1056
2545
1787
3196
2844
1051
834
2317
}}
poligon p9 {140{
1956
1376
533
1428
3841
4941
1759
165
2407
380
4305
3012
317
1020
2314
1620
4106
1810
2685
1329
3722
128
328
1350
1495
373
2822
3446
2000
4558
4198
3020
2634
3949
1018
2658
2587
1288
3642
3554
1703
3317
4653
2914
4483
3578
2675
1651
3596
881
4172
4771
962
2644
3678
3450
1748
3354
4874
841
4499
957
3184
40
4327
324
670
2902
2307
955
174
810
127
2338
4242
3204
3705
3002
3000
91
1253
1994
3218
2961
2202
2876
1470
4381
2303
892
3498
2086
2244
1826
3594
1030
3639
323
816
1789
4532
2848
2459
3722
3217
3414
2976
4665
646
1678
3539
3000
348
3092
3800
1701
3832
4653
4420
1630
1215
4166
4987
4550
2780
3767
1839
3765
2660
58
4993
3237
850
459
3811
4469
408
1193
2626
2847
}}
poligon p10 {273{
10
2381
2650
3983
2298
3786
1076
1479
3014
2659
4853
4488
803
1339
2312
1614
4297
2486
877
3471
2968
2902
1495
2137
2351
2469
755
4284
1427
4548
3385
4662
1801
4279
197
1464
3773
626
4258
1780
4497
3618
2148
860
1332
549
2463
4756
1298
346
3878
4161
529
4341
1690
2359
4849
3404
3267
3724
3334
4460
1140
4813
1938
50
953
4576
1964
1570
3393
3794
1104
3024
4330
4299
3451
3957
1893
3648
2814
4632
3445
1954
3889
75
2021
1650
2683
3463
188
2107
85
398
1594
1434
3667
3100
436
3295
2118
856
3550
2401
3368
3207
3460
3978
3298
3582
1007
2663
3036
1712
678
2222
4534
3160
1463
4619
3513
1140
1682
2048
1967
4986
228
4770
1124
4764
2594
569
4812
443
1049
1182
2839
1905
932
2187
3657
3027
4312
718
175
865
4328
4619
3557
3056
1054
2180
4239
2117
343
4085
842
3777
2171
4491
2972
1054
4546
3110
4024
2054
3844
875
3616
1609
4408
3191
1187
775
338
3687
2004
1011
1667
525
3042
1281
1950
363
1882
2936
4652
654
4219
3219
673
811
2959
478
297
2680
81
3155
1592
3790
2473
3736
2809
4743
3830
1390
866
1243
3127
2008
4608
3883
58
4120
4853
4852
3989
4198
3763
3243
273
4515
1685
1575
2086
4703
871
1267
3929
1929
2477
4476
4746
4475
268
1872
2670
2815
1605
8
4943
4261
4536
4276
2339
525
663
1948
4675
4059
923
354
2671
3276
365
4558
3439
3679
1011
2759
3318
3342
719
2872
1483
4875
755
2728
1935
1457
4859
3933
3459
}}
poligon p11 {198{
2519
2611
41
2346
3522
1762
3762
1793
1620
1600
205
2841
4035
3185
3154
1278
4630
988
1157
2323
2880
1427
4136
291
2004
4273
1982
522
881
3134
2358
3441
2964
2711
622
3886
1320
2202
472
2630
4358
3522
1183
4753
1057
4637
1153
385
3715
3092
3779
2739
360
2595
3590
4522
1884
2022
2867
4402
4895
1120
234
4583
4310
826
1727
355
387
3626
3906
3989
4509
2340
2076
3936
1064
289
675
719
2365
761
3260
1239
729
948
2963
4847
4731
3489
3287
1215
3321
705
2212
3668
4347
2909
108
1443
3263
60
4373
3224
431
855
1675
1422
2883
4264
241
4248
2782
1128
641
624
2067
3195
4429
4041
4314
14
1569
3707
4329
1119
2656
3856
249
2183
379
4325
348
48
3942
2795
1616
4935
2661
3611
212
3202
4095
2514
4615
3927
1838
388
3899
1642
2709
3661
2923
1676
150
2592
1177
2029
2080
680
3037
2054
748
3229
4311
4181
2043
4397
1062
3301
4234
2278
1397
3524
1555
3929
3941
3406
4094
3228
2760
365
2517
3171
3857
528
1917
1524
2076
1022
3474
4652
1988
3408
1840
4522
2383
1138
}}
poligon p12 {115{
678
2228
1072
2665
296
166
4262
2590
1864
82
4243
820
3936
2393
4597
3850
1894
2581
2664
4752
1388
204
517
4049
3050
1708
1074
1800
3780
4661
3464
4606
1169
4477
1758
3523
2924
4627
107
35
3938
4770
2736
460
4469
619
2324
1546
4568
1071
1593
910
2586
1654
959
3726
3936
2145
4464
4074
4826
2727
2196
3032
4558
1001
4342
1860
2020
4702
3884
833
2351
400
212
856
822
2840
595
2618
2779
2666
2709
1366
1315
4422
3332
105
1623
1222
2597
2750
2353
2302
3066
3496
771
2078
2319
1489
321
1208
2378
1919
1471
1804
1765
3407
4493
1553
1344
1714
4810
2172
440
}}
poligon p13 {69{
2149
528
3136
1181
2222
1940
4610
4372
2004
1950
4328
3121
2478
2531
2344
1142
4047
2972
4536
4248
4469
4473
4772
807
975
4675
1818
1433
3394
3037
3889
4501
2828
1202
4676
2992
4017
1929
861
2324
3157
1706
40
3947
4334
4108
4548
3539
4524
880
963
4279
1645
212
1946
3123
203
4953
2613
616
4975
3499
3874
4831
3151
4004
1113
1495
4458
}}
poligon p14 {193{
3465
2203
4676
4575
3195
3802
3581
4320
4345
499
555
2780
712
39
3248
836
2625
3030
1155
2289
3607
3992
428
4734
2156
1308
710
1152
442
3792
2313
3013
743
4200
455
4157
3081
226
4531
1292
3622
757
2733
3324
654
3223
4334
1498
2861
4306
1293
4719
487
4885
2939
621
3510
386
727
3636
2594
894
2333
88
4698
1010
1937
3792
263
2779
2126
1246
3786
3888
613
4260
2216
4761
1232
17
614
2002
871
928
3677
251
3634
4252
4585
1181
2794
676
1118
1864
1379
3320
1766
4670
2116
916
1002
1460
2744
1647
3193
1905
3979
2702
4646
4170
637
4123
2387
1598
4563
1271
1144
967
4339
4283
2190
4730
4467
1381
4641
3504
4565
552
3558
2728
176
3216
1221
3975
1663
3806
3906
4850
3629
3323
4420
4270
3375
1972
2778
2357
1946
2261
2829
717
2603
3955
4399
1583
2296
643
4963
2309
2198
1751
4632
4154
918
867
3145
2300
2929
1293
1447
3192
4593
564
236
2714
1255
4967
2087
1413
3641
2471
4220
2169
4505
2957
4310
2471
3858
1184
1284
3860
557
3538
4003
}}
poligon p15 {273{
4189
2566
1569
1304
3264
4224
549
1540
2825
3065
3430
3858
3922
1486
2995
937
3113
4184
4476
1703
4707
3943
1625
4776
2050
4428
1160
3485
4831
451
2738
3782
3129
1804
4016
4519
4192
2634
2952
1466
536
2650
1026
3427
4442
2306
3407
1971
368
760
564
264
2481
628
4321
1238
1994
2728
4788
3095
4674
3285
321
954
4868
2446
3376
3113
4119
947
2403
3648
1834
503
130
4149
1249
32
1747
2416
189
1723
3748
2312
1078
2059
20
123
4532
3804
2613
3866
920
3272
2419
404
96
4402
1540
3561
3252
810
619
2201
1262
693
4412
3729
659
1068
3653
2182
4450
3536
406
752
344
341
1076
4400
1250
990
1979
39
4218
4821
4051
1929
4904
1669
2711
4499
841
2365
4616
1450
2415
3160
1041
1735
3126
3673
2304
3982
2340
3019
4616
1263
3612
3495
4803
1346
391
3518
3599
2470
631
4669
4129
1166
2361
2123
3228
1498
3433
3270
3631
1865
1696
1446
2486
3470
4012
3379
3381
3589
4007
1595
1301
2830
3316
3853
3274
295
187
1310
1969
1471
2034
3745
2615
4775
283
4268
3233
1559
1942
934
846
4035
4464
2102
4732
2624
1873
3184
4934
4397
113
4899
299
3946
3522
2403
1460
2547
3432
197
2968
467
2015
1246
1640
1978
714
719
29
954
4312
4227
2624
3471
3697
1033
453
189
2038
3208
4691
299
1209
2267
417
556
1149
4074
2323
3714
4464
1201
2025
3956
2179
2485
1013
178
2821
4760
3577
1185
2411
2558
2868
3809
932
752
4134
560
611
1151
2846
4640
2463
}}
poligon p16 {203{
1022
3163
320
3961
692
178
1919
2052
4910
1491
1712
3637
3647
1517
792
4029
1374
4448
765
2559
4107
2140
3018
4550
1115
1759
225
168
3354
1927
4584
3045
2119
2498
1446
1705
354
4739
1812
3486
2675
4122
1194
1515
326
1723
4780
508
8
1375
3710
1952
1780
481
2934
2136
4920
544
4128
4045
2104
1503
98
2029
3988
3157
341
4001
1256
2603
2516
4048
3569
1959
4073
4431
3863
2798
58
1122
3133
3934
2119
134
2408
2518
181
2040
3041
575
749
2458
1242
1909
515
1663
2279
1535
516
1581
4326
2295
4555
3576
3333
2783
1383
643
3278
2991
3257
3053
4477
1248
4178
4511
4020
278
4067
2029
3731
1090
1458
2497
4511
3030
711
848
3493
4588
1012
3188
93
4612
4697
1466
1717
3502
776
686
508
3437
93
2518
1821
4926
1969
262
2185
4582
3691
1009
2623
1973
4077
3836
325
267
4423
1826
2371
2395
3830
3370
2602
2954
4518
1195
4749
4953
198
4527
3714
4159
4546
552
1016
3427
2758
1696
2611
4402
1856
1116
1561
89
2025
417
4878
4120
3291
4087
896
4605
4056
3110
1390
4610
3712
1570
4879
2166
4789
}}
poligon p17 {55{
3741
3237
1560
3639
400
1835
533
2935
4667
1279
2941
3931
2483
855
3787
2480
2074
2809
282
645
4558
4252
2637
104
3769
3258
2121
896
592
2547
2595
1352
2639
3416
4753
1960
1923
2557
3352
4545
400
1231
3018
3378
460
2843
590
3463
2419
3993
2214
4437
1418
2426
1002
}}
poligon p18 {151{
1496
3681
4533
991
4382
3126
4286
2306
4694
2694
891
4405
3410
2138
2025
2472
4039
3299
4022
18
2095
3226
3566
1188
2251
4334
333
2010
4972
3596
3861
4134
2096
4287
2950
1305
683
2638
1851
94
3924
3908
2783
3869
4980
2614
935
1457
2292
1236
4454
3512
652
4567
3697
3746
3015
4865
3000
4353
1722
3147
1440
1791
1981
3840
710
4092
4776
3875
2565
2963
2207
1805
3886
2075
839
4500
2644
4542
570
4786
522
623
3163
2557
2880
111
4152
950
658
2404
785
3290
1883
905
2748
3492
2961
4756
1488
3499
4419
4498
3039
3340
587
1490
4067
1341
3288
3584
4651
3521
4976
4883
705
4319
1901
1132
4788
1367
1496
561
2165
4447
3867
4954
296
1847
1831
2327
3000
2063
4040
3608
3126
1108
2113
2230
3897
1167
3694
3803
4469
634
2287
1489
2610
3783
2036
}}
poligon p19 {153{
4858
4456
317
3653
2947
3286
4452
3335
186
2417
3816
2067
3403
2327
2192
2777
4628
2088
2113
4601
486
595
4934
4257
2000
3783
2049
4774
3231
903
2490
154
1303
2146
980
946
349
3492
1943
3311
3524
929
4296
2300
3494
887
1580
4097
2721
4400
1090
3095
4378
1970
1793
1858
3239
2365
3427
1177
4188
1942
3487
1488
4562
4795
3012
3751
819
4134
1089
3152
3016
1409
1900
3979
1481
1515
3355
4720
3182
3138
2869
2608
2872
4282
2011
4541
4510
4406
2123
4536
434
430
4798
3086
724
2308
1051
4312
21
2668
2250
737
809
2989
2074
859
3484
148
1578
1421
503
1296
3785
2060
1224
498
1029
4072
4200
135
3287
1253
4564
887
1239
3739
3716
2950
3292
1501
4182
604
458
3990
1127
4942
3466
1356
4429
3588
962
12
701
907
1596
1657
928
827
2159
4923
2442
}}
poligon p20 {260{
565
4584
3554
3487
4475
4524
940
366
2359
2666
751
2035
412
1629
1237
2250
3415
653
4085
1990
4084
4901
1042
4882
2909
491
1713
3396
3662
1159
2287
3855
1085
2736
4090
4932
3515
2066
308
824
4022
180
623
1373
1640
1938
3157
11
2310
13
2816
1242
4824
3483
4219
3473
75
267
1884
3137
683
3226
4220
3443
402
4841
1967
3926
3693
1544
3074
2437
833
4707
3361
724
1838
4197
4892
219
503
4528
4638
3485
4641
1506
2328
1159
3002
974
3069
4197
292
4527
4266
4423
21
2589
298
333
3481
1230
2447
3141
4719
1177
1965
1662
2680
4111
3690
577
4794
1522
1622
324
4731
1548
4601
3403
815
36
3123
3984
1071
2340
1860
852
2296
3658
1056
319
427
2339
3359
222
705
1603
147
2321
617
1018
1736
2796
2495
4690
4520
23
1074
3868
2826
834
2624
3420
4316
4550
3569
4306
3993
2015
4834
3020
1980
3107
1450
2049
798
499
3124
1768
2644
348
2565
1337
1199
3309
4724
2643
4005
2144
1207
4685
1686
4919
2078
372
4868
3996
1645
2351
2235
539
4622
2126
428
2066
3067
2532
3294
619
1458
2164
370
3639
205
4024
4142
2348
1062
3321
1694
4776
3991
678
1934
1912
3391
1848
2102
3094
4400
3032
1037
2746
3893
3071
2414
632
3868
4492
3926
1183
4806
4375
783
1411
3709
828
2267
3139
3692
1563
3771
636
3029
4168
2450
3013
3973
2529
160
2466
565
4329
3363
351
235
2783
4269
4072
}}
poligon p21 {211{
3068
3530
868
2696
2476
1187
2700
1505
4200
51
2083
3409
873
3729
2428
2201
3485
759
2866
599
2573
3097
4432
3821
2290
1533
41
2157
52
483
2225
3895
797
4007
1388
4038
4957
3335
4532
3369
2500
96
2382
3401
3888
4894
2764
2815
4121
3217
833
355
2366
3504
2337
358
63
908
4853
2527
1669
4924
400
4996
4057
3470
2447
830
2063
1961
569
986
854
248
3999
1460
2991
2196
1635
1411
4748
873
2512
2417
3986
4560
4252
858
4914
1241
1565
1625
3259
4931
3365
1557
3566
4828
4230
951
1854
3332
3799
4975
3464
4832
1815
357
701
3971
1768
4810
1781
2364
4943
655
4484
4651
855
3971
4710
4011
2454
322
1892
3933
2541
4419
77
3229
2410
4844
529
434
1386
3212
705
4325
2774
4686
3531
1020
669
1695
3604
1508
2279
2743
4582
4218
528
3276
3839
1684
1272
3746
2265
1341
4394
3540
3061
4224
201
1228
4404
3152
3022
2485
1690
2717
341
3016
670
1522
666
3314
519
4732
3064
1474
3151
3069
2695
3914
4912
3682
3590
2793
1774
780
1752
3765
3549
2974
914
2935
4171
3690
4178
294
4224
2619
759
252
740
1193
1590
4356
1416
4336
219
}}
poligon p22 {26{
4408
2089
2454
2973
2906
3790
4020
1178
3931
4773
1249
239
691
1254
951
4840
212
4843
3607
4742
2351
3822
1725
3890
4260
4284
}}
poligon p23 {197{
1328
3018
3808
3208
1182
2868
4205
1738
1455
1764
4933
4113
3102
3463
428
532
4914
3871
1709
92
951
1036
197
4098
3766
3158
1943
4305
3668
1373
725
4301
923
2598
2228
2359
1798
3978
2986
1693
2454
1187
64
2942
3674
271
4138
4656
1222
531
1816
4840
296
4481
2369
95
1176
751
2513
4849
4240
4929
1038
2377
4361
2162
1472
4900
2442
3413
2224
2368
58
1772
3034
4624
1305
4334
3754
4988
3688
3759
4145
3963
854
3093
4394
2098
3349
4740
2208
1038
3908
4024
4069
1816
3348
1534
2842
1116
3683
1362
2024
1280
2302
4849
4464
1601
3815
1123
82
4863
4509
1658
3813
94
3022
433
4474
2710
1902
3679
938
1349
2437
1292
4183
3405
3305
876
740
4987
696
778
1267
990
3608
3609
564
4669
4214
4475
1960
2858
1398
1021
1132
1929
4455
3542
4525
249
214
3779
2464
1119
2653
1207
4684
607
725
205
1588
4510
1899
1349
853
3117
267
4376
4762
2236
4907
1434
568
3298
4699
2069
3278
1892
4833
3708
3653
3518
4654
3204
1107
3348
1983
951
1596
4331
3813
2151
4179
1114
824
}}
poligon p24 {169{
975
1663
397
893
4165
4362
4975
93
3546
4912
847
742
3010
2486
4914
3337
4123
378
3407
2693
2858
3881
2299
2447
2448
4078
1526
3940
3349
731
4245
1542
4960
96
2961
2443
1254
4808
3800
2199
3430
501
3945
4116
834
1897
4287
719
4709
2220
4843
2036
4994
3121
259
3422
742
1922
4833
2514
93
4220
1634
3506
8
3807
3184
4264
2295
3713
536
2553
878
2352
1809
3690
778
1585
3165
2157
1298
1369
977
3343
3851
4503
4963
702
2018
2794
4955
1346
4029
433
706
3437
4307
2128
3380
3127
610
4822
3271
587
4571
1652
727
772
4706
3423
579
2039
3291
809
857
3943
3723
1596
4207
2025
1601
3139
610
1323
4145
1240
990
186
4480
189
1818
1387
1407
1435
2743
870
3020
1702
4114
3557
2926
542
2740
308
3602
812
290
2752
2028
4912
462
909
268
3989
4449
4754
1062
4259
772
4051
1840
2543
2159
1113
4858
3321
2908
1311
2511
}}
poligon p25 {298{
2500
1649
2137
1947
2332
204
3950
899
4074
1174
1152
1450
1093
4746
4177
1267
1142
2468
695
3514
4919
4860
4245
1273
4669
2784
3861
648
1618
1113
782
2789
4400
4164
1859
2793
1111
4217
4887
3523
928
2213
709
1864
3797
1017
3809
3299
3580
552
1834
2827
1170
1755
1243
2170
4432
998
2594
3949
1316
4732
3687
3474
338
3010
4242
2204
3963
4064
4789
2069
4680
1403
378
3716
877
3054
4572
3249
3335
696
3473
2788
2868
2025
4958
3832
162
4452
1742
2426
3949
3574
1997
1265
223
4950
4067
2760
81
3598
368
3260
1954
2211
1543
2046
4808
815
419
2767
1693
1067
1737
4182
1756
3645
2305
499
2462
984
4629
2912
2637
1786
3332
4902
1353
4444
1476
956
1652
4939
1509
289
2906
16
4833
2676
2838
376
1598
1854
519
3477
1609
705
2218
4301
1762
2684
934
3696
672
2717
384
3699
3163
3306
1655
3017
3002
1461
753
1927
3054
4598
1082
1569
1858
4594
4020
3903
2352
2980
4460
1238
3616
4854
1087
94
2587
2286
3140
2147
3672
2036
3638
4671
3593
4560
3032
2834
4136
3591
2302
4651
1452
1600
47
3466
299
1238
3204
4113
664
394
4933
4287
2571
1470
3793
749
592
4793
164
1674
3495
4390
1597
1648
4157
4114
4403
994
3185
1322
3554
3803
4579
4506
4703
3914
1093
4290
4207
3250
2679
3073
1434
1244
3505
2430
420
4184
4353
3196
4507
2631
2981
3898
1299
609
714
4449
4459
3482
2559
1758
2916
243
4899
4636
3200
3663
761
2999
3998
3270
2866
1597
2917
2000
1820
2016
832
3511
2309
3910
3624
1166
220
4852
4411
293
3955
4162
2396
3650
1049
2123
3492
2578
2708
4633
4906
4265
}}
poligon p26 {27{
4417
2454
2219
4791
2424
4630
4800
914
2130
4119
3022
3358
3083
4647
2778
1611
2327
535
3854
3798
597
2313
1809
122
2490
848
574
}}
poligon p27 {74{
2822
1265
2249
1433
3285
730
2101
1334
3254
966
1133
1982
3530
3313
2313
2245
2043
1428
2659
4448
4026
1432
1506
230
2219
1073
550
1907
3302
2792
1021
246
895
2049
2346
415
4848
122
4691
1337
613
3910
3592
857
3847
1167
1043
2639
3741
4466
4569
1516
2279
2079
1458
41
2337
2798
3339
1587
3521
3121
1579
4148
3014
3478
2396
3378
3435
2004
3582
2655
338
1251
}}
poligon p28 {19{
2872
2598
2548
2867
960
540
120
3422
581
4871
2478
286
3231
4846
685
2001
3369
3242
1270
}}
poligon p29 {30{
3626
2388
988
4234
2282
3170
4624
294
4078
717
4873
4387
4877
4626
4324
1000
2876
2917
1761
2167
3392
599
1864
2379
2860
4163
4396
1747
1677
3273
}}

